frac1: 0.5756651867094716 ± 0.31288334203926077
mu: 3497.0001629830094 ± 0.7162374781287326
Sigma1: 91.03702186256324 ± 42.87297269042476
Sigma2: 33.70725455511314 ± 13.529463069589477
alpha1: 0.41587864037869365 ± 0.17825565585316833
alpha2: 0.15712177086172543 ± 0.0594079311288586
n: 1.655611140357495 ± 1.1314662433273206
n2: 84.86004747885812 ± 0.7324962530639993
