frac1: 0.04535839611554132 ± 0.1519742766022337
mu: 4497.00000696802 ± 0.5452551983503326
Sigma1: 96.55382912144545 ± 57.360758626077086
Sigma2: 101.96618160516644 ± 5.590552395661696
alpha1: 1.8616286243173374 ± 57.31801630012031
alpha2: 0.241583595781145 ± 0.013859721770752509
n: 2.574983317875322 ± 376.4887195832184
n2: 102.18033200246549 ± 0.12414706384033991
