frac1: 0.3541565491113633 ± 0.10022842890311723
mu: 501.673897790227 ± 1.2251409755418194
Sigma1: 165.88225012542233 ± 16.972319967559784
Sigma2: 2.47330164778095 ± 2.0989731035624093
alpha1: 2.132290245487508 ± 0.24738514094440178
alpha2: 0.07714429420645563 ± 0.06758040323611678
n: 0.05800827741116197 ± 0.1477130651211245
n2: 3.3337090444414144 ± 1.1977243465982923
