frac1: 0.5859136336264249 ± 0.16113109794832492
mu: 1497.4974897574514 ± 0.525283645146942
Sigma1: 4.134692114205059 ± 2.9468866055230603
Sigma2: 95.70819931726004 ± 37.71724978707937
alpha1: 0.29850620023154606 ± 0.20739065030402165
alpha2: 0.6392594026095373 ± 0.21635814212671692
n: 2.3969093642639487 ± 0.9224189537353467
n2: 18.72645761064633 ± 52.10724601575701
