frac1: 0.5356740693412693 ± 0.7564275731790382
mu: 1497.5210415094075 ± 0.5269787165686921
Sigma1: 4.183858021148048 ± 2.46382816795595
Sigma2: 40.32801702333019 ± 53.36724756323053
alpha1: 0.3386187039595313 ± 0.1931846318329694
alpha2: 0.37572971801372335 ± 0.35540353024484383
n: 2.1511256100701965 ± 2.444193052746051
n2: 4.742194513286256 ± 9.046066439501146
