frac1: 0.43918255870957645 ± 0.002859474527203615
mu: 2497.0000117643826 ± 0.011704681601258926
Sigma1: 1.3746307009905876 ± 0.006805409973692944
Sigma2: 12.39547224728873 ± 0.08823678750707131
alpha1: 0.0077927854054137295 ± 0.0008357902262557974
alpha2: 0.772287152177639 ± 0.003437581421806446
n: 67.66888028444735 ± 0.8325911604362304
n2: 1.339212626861724 ± 0.004420891699112861
