frac1: 0.5827418897702741 ± 0.08803617972312489
mu: 2497.0000055271757 ± 0.9212605354966854
Sigma1: 200.36289393754492 ± 37.38809461496915
Sigma2: 10.701411592116244 ± 3.615269636346922
alpha1: 1.0392867528482703 ± 0.20151350069872154
alpha2: 0.5041202523986497 ± 0.18178795570718345
n: 116.18432129198344 ± 1.2636494859461749
n2: 4.340948031914636 ± 3.3901632708274194
