frac1: 0.07681068475982238 ± 0.13363376067974939
mu: 3497.000009327169 ± 4.251205476851283
Sigma1: 15.280103357872912 ± 5.183401974348146
Sigma2: 39.01192615925483 ± 7.319006464739672
alpha1: 1.757230960462895 ± 1.2161613020968653
alpha2: 0.402459812363345 ± 0.06660345776403409
n: 1.1194553011965436 ± 1.827280002840638
n2: 1.9877969344876811 ± 0.30597609674726256
