frac1: 0.6952802570369148 ± 0.1869107607390337
mu: 3497.000040501083 ± 5.534398718134298
Sigma1: 20.929235393520237 ± 6.840223248395939
Sigma2: 18.121157383618986 ± 4.760187908153195
alpha1: 0.11363280571617822 ± 0.05421887031662591
alpha2: 0.6686614037168341 ± 0.2986188025074668
n: 4.55106372645325 ± 4.37427156735767
n2: 2.080882710831178 ± 1.281734201377434
