frac1: 0.2324179412100926 ± 0.2497007168410995
mu: 4497.000000090396 ± 0.8929602331240858
Sigma1: 33.876170728841565 ± 16.061074508747886
Sigma2: 78.04664551525107 ± 27.023917215063165
alpha1: 1.3774871233989656 ± 0.9697472550079544
alpha2: 0.47098574499660445 ± 0.15166326495366259
n: 0.32840767063883963 ± 0.530778665814733
n2: 3.401204684320637 ± 3.5229378171094163
