frac1: 0.35004747822488375 ± 0.8073651652070303
mu: 4497.00000000004 ± 0.7711004882371526
Sigma1: 42.68009931449866 ± 54.01339141305655
Sigma2: 24.83987961087856 ± 266.674039349355
alpha1: 0.8472639400242905 ± 2.300006193868409
alpha2: 0.125886730322896 ± 0.3380277788588638
n: 1.0423032941618535 ± 2.0512500018787354
n2: 2.789913830761389 ± 10.331383910459582
