frac1: 0.5532547142910468 ± 0.08678015043172455
mu: 498.1188597184855 ± 0.654240120246186
Sigma1: 7.689092458270183 ± 1.643263616640085
Sigma2: 35.15876365038795 ± 17.101463545281888
alpha1: 0.7722071339140846 ± 0.2081974272937116
alpha2: 0.49613110987645814 ± 0.23516752504682017
n: 1.558890317156203 ± 0.21339381800055524
n2: 115.20211864954838 ± 0.2916774989052584
