frac1: 0.581100768448717 ± 0.07032693628900288
mu: 498.13527818410864 ± 0.6487134774010599
Sigma1: 8.012079078522307 ± 1.4697766324657784
Sigma2: 56.84451691650106 ± 5.164239250881671
alpha1: 0.765360947808274 ± 0.1650304490280275
alpha2: 0.7754106585205198 ± 0.030054771292823912
n: 1.6634956563112568 ± 0.17316407879834061
n2: 135.4270577389088 ± 1.0013034961114755
