frac1: 0.6424993644212258 ± 0.306905471957184
mu: 1497.000000032763 ± 0.7370850024258289
Sigma1: 80.13979605123312 ± 28.29392023557391
Sigma2: 28.045541600391456 ± 8.851347834341546
alpha1: 0.6704187117111129 ± 0.15220617143574444
alpha2: 1.196913312955236 ± 0.7369166267451813
n: 8.718777296097475 ± 15.3120830290015
n2: 0.918116467595819 ± 0.6664328451174519
