frac1: 0.25833570361793884 ± 0.27758505119619314
mu: 2497.0000000001182 ± 0.44411828312127
Sigma1: 18.626616725948598 ± 6.860648809281141
Sigma2: 138.5893123415103 ± 43.30243146581362
alpha1: 0.8151486418799104 ± 0.541068742499793
alpha2: 0.7957509675959374 ± 0.21296593489444154
n: 1.0265633104805272 ± 0.6786664949383809
n2: 6.558153898113429 ± 13.65791146478088
