frac1: 0.5519589292932356 ± 0.18874246899686195
mu: 1497.812247032319 ± 0.4341002829212357
Sigma1: 9.410756130120083 ± 2.303020037420819
Sigma2: 87.609084336616 ± 23.836317722177135
alpha1: 0.6362770468016016 ± 0.21106099116634175
alpha2: 0.6847999391477129 ± 0.12566509725768216
n: 2.237371280567576 ± 0.7702033183397875
n2: 10.054734109975923 ± 17.85089416300861
