frac1: 0.5988178430753134 ± 0.09524624261940662
mu: 2497.000000067195 ± 0.1634009819038056
Sigma1: 185.34862174017212 ± 29.940719358342662
Sigma2: 16.72680545803486 ± 2.7277919144231255
alpha1: 0.935520333789586 ± 0.13099201493301815
alpha2: 0.6636585133825641 ± 0.14327465758976293
n: 38.74411373245569 ± 97.52261845296499
n2: 5.185006313595613 ± 6.090943076589424
