frac1: 0.2862859335976906 ± 0.05665703444360262
mu: 3497.0000004546755 ± 0.30444485157386225
Sigma1: 3.310215117304321 ± 2.2717215155032138
Sigma2: 76.78233882895687 ± 28.001044752828328
alpha1: 0.05998008438813338 ± 0.044286381737109914
alpha2: 0.29797352561257245 ± 0.10942894834633073
n: 36.358221705128145 ± 82.02966338965176
n2: 93.80959496954435 ± 0.1537711381454514
