frac1: 0.23747811078265127 ± 0.1355455345584478
mu: 4497.000008933746 ± 0.41454287672922874
Sigma1: 30.376384077288535 ± 8.06382628800963
Sigma2: 89.58700595971764 ± 18.184056829104236
alpha1: 1.4575284938828956 ± 0.6656388280109641
alpha2: 0.4140578245388888 ± 0.08472933648051797
n: 0.2535271239077932 ± 0.3126449285053997
n2: 25.248971519828117 ± 92.24536614684081
