frac1: 0.7500414671073414 ± 0.04197751373966241
mu: 498.7126187853801 ± 0.44224039365354884
Sigma1: 7.515982646623315 ± 2.085266093684338
Sigma2: 140.14141559503955 ± 7.895074096276971
alpha1: 0.47718182174605334 ± 0.12914120870721205
alpha2: 2.4608523451654563 ± 0.11161110104139982
n: 2.437058893774305 ± 0.32596542086073166
n2: 3.1144314083198996e-05 ± 0.11759979687731204
