frac1: 0.39018461418782924 ± 0.6877379131925135
mu: 1499.982061167933 ± 0.2513918678334903
Sigma1: 4.889975475160317 ± 1.3893951394415684
Sigma2: 17.53676310714795 ± 7.119170256131462
alpha1: 0.7902693970188635 ± 0.703060390726109
alpha2: 1.3362830898791693 ± 0.5475460864636039
n: 122.47967530809265 ± 0.42694613510054324
n2: 1.3582715948647843 ± 0.347541829564995
