frac1: 0.38109470796893535 ± 0.29741054057921323
mu: 1499.9776648776096 ± 0.24799465189221337
Sigma1: 4.87319194651892 ± 1.076454992147115
Sigma2: 17.316782665500806 ± 4.511450037937357
alpha1: 0.798946152601772 ± 0.4381899846973708
alpha2: 1.283150577263223 ± 0.34308484806947714
n: 133.95997089577384 ± 0.1270760461900693
n2: 1.592761778332027 ± 0.40842617397475633
