frac1: 0.9829469090096576 ± 0.8981221381254119
mu: 2500.950622936832 ± 0.2283242756625441
Sigma1: 9.531702146412174 ± 1.3548832876846424
Sigma2: 10.159935104214538 ± 82.86132337913594
alpha1: 1.172608976529105 ± 0.1723759574147934
alpha2: 1.0538569897667183 ± 21.319894679819726
n: 1.9300400340530237 ± 0.14717048219716522
n2: 2.716117328029628 ± 66.52105385630102
