frac1: 0.8805403094140136 ± 0.9123953543738967
mu: 2500.9539886101884 ± 0.24552928899061044
Sigma1: 9.409906340800127 ± 1.0256097301878269
Sigma2: 10.660353826775115 ± 8.027558653281462
alpha1: 1.196228704379252 ± 0.19728777116367247
alpha2: 1.0406008075447712 ± 0.7600009546493418
n: 1.7657868333384825 ± 0.6614060065582689
n2: 4.506336667835489 ± 30.782660637240433
