frac1: 0.8336836552215929 ± 0.1785477742168799
mu: 3501.2397474901477 ± 0.18280715446098839
Sigma1: 9.046365771917204 ± 1.1145671274448468
Sigma2: 4.141379979435467 ± 1.4344034203005254
alpha1: 1.239569787912394 ± 0.14594350624677588
alpha2: 1.0261832495620093 ± 0.3972387917427279
n: 1.6475202854341249 ± 0.14580921001929115
n2: 111.65185990886063 ± 1.3791565999187796
