frac1: 0.09540202844878443 ± 0.15087657820513328
mu: 3501.2321361450918 ± 0.18435772434531827
Sigma1: 3.676906887862191 ± 1.9023083172485755
Sigma2: 8.78321289192496 ± 0.9949012169436924
alpha1: 2.2489785985599915 ± 2.134424579798166
alpha2: 1.308099611512116 ± 0.06809499158428489
n: 1.180442513556078 ± 4.387813586867027
n2: 1.6148246462540405 ± 0.21960579304683236
