frac1: 0.7113025806807497 ± 0.028640124163561875
mu: 4500.710299580233 ± 0.07040801611947245
Sigma1: 0.4733743234724302 ± 0.08876709775102073
Sigma2: 23.06690048622299 ± 2.9919371874913505
alpha1: 0.14731576622090897 ± 0.05326054507423207
alpha2: 1.291612610471448 ± 0.0653072489178862
n: 105.37164699926096 ± 23.440219065342333
n2: 1.0508411067848 ± 0.16274220238808068
