frac1: 0.46462909110047473 ± 0.1255382659099786
mu: 4500.743860985053 ± 0.09448101187172142
Sigma1: 2.9414444684473184 ± 0.13245202645235032
Sigma2: 0.008831698408945623 ± 0.0113643984879816
alpha1: 1.5670255090235574 ± 0.26428764417265993
alpha2: 0.0022777271702104584 ± 0.0022919635196304573
n: 16.269801817610492 ± 267.536875124917
n2: 1.6824251326443063 ± 0.1475428012146528
