frac1: 0.40691541174063917 ± 0.06858901340862325
mu: 500.67951877782514 ± 0.37670556953688106
Sigma1: 7.236639493786453 ± 0.6364760397639553
Sigma2: 28.452380799035495 ± 3.5564018135606883
alpha1: 1.5633557393214361 ± 0.5815471655834812
alpha2: 1.5520565348289683 ± 0.16873176415664926
n: 116.63070183285956 ± 1.199789745501036
n2: 0.6182637583357352 ± 0.31481533691473534
