frac1: 0.4788087792191862 ± 0.0006181111856333465
mu: 500.6665966891636 ± 0.011822548920434883
Sigma1: 7.207009442820183 ± 0.011504697525764218
Sigma2: 32.342873032534264 ± 0.05160414824836934
alpha1: 1.135465699782388 ± 0.07673332786772313
alpha2: 1.6562621339638648 ± 0.0018696469826466888
n: 141.82770587798515 ± 0.04775266173771797
n2: 0.2856282573018217 ± 0.0029087000914664596
